2.568207987774797155e-02
1.054299585731904437e-01
4.950662183113901244e-02
3.038102067397579348e-02
5.509634340212217485e-02
9.929309066297568875e-03
2.979958075800961600e-02
8.584639675614524901e-02
5.942558324417219345e-02
1.844612745849701779e-02
5.419656056510124831e-02
3.890595903699030703e-03
1.927102739371312073e-02
3.782909581968359192e-02
5.589111298935615924e-02
9.337273917506641943e-03
6.144788675768165370e-02
1.057817589650016619e-02
8.864108022307659596e-02
6.857500274122242667e-02
9.034061108819074759e-02
7.586908525195758257e-02
7.035712193020554617e-02
6.913607643897475008e-02
