2.553566749516482143e-04
4.595003287310980150e-02
1.675695516117969852e-02
4.381089060147652647e-02
6.919081243405567939e-03
2.924584173164047809e-03
2.932728647014361256e-03
3.704979083766962722e-03
8.150011007807074839e-03
1.107709806145105828e-02
7.812500000000000000e-03
6.313265479227139071e-04
8.848231599361011668e-02
2.625498844780509091e-04
3.531772817767127857e-04
1.068824145153580707e-01
4.235827664399093723e-02
2.218450033698353696e-01
1.789346081492858842e-01
4.591368227731864801e-03
4.667342508385905094e-03
1.922069083263733547e-01
1.375325520833333391e-02
1.454209392217545582e-01
