1.712499999999999856e-01
1.635946745562130156e-01
1.341720178859602264e-01
1.285599905351749173e-01
1.336132271468144228e-01
1.275794653691757208e-01
1.095912629757785778e-01
1.341827364554637469e-01
1.417289012281910121e-01
1.289655276147076701e-01
1.566772460937500000e-01
1.439153509394004993e-01
1.631916301462012497e-01
1.639539930555555525e-01
1.320154473835182252e-01
1.030092024054760774e-01
1.275410899653979246e-01
1.355819345315781022e-01
1.321637119491203827e-01
1.018750000000000072e-01
1.356432746717972093e-01
1.282508287823317661e-01
1.402437500000000281e-01
1.394811012969907615e-01
