1.769135802469135876e-01
1.661070932865804928e-01
1.329915012898695847e-01
1.451345542458410687e-01
1.307752812831298739e-01
1.326157434626094866e-01
1.075963186049050530e-01
1.494802117697740795e-01
1.511424571188881016e-01
1.430323098382668134e-01
1.647376543209876920e-01
1.467818908012597512e-01
1.718197005958899404e-01
1.524348422496570321e-01
1.297126685474221663e-01
1.374273217159823757e-01
1.387927720107650642e-01
1.324789309117015701e-01
1.455583392572828150e-01
1.177777777777777590e-01
1.539612337854679991e-01
1.509156374075373841e-01
1.575999999999999901e-01
1.401283043137877271e-01
