4.489821992623560347e-03
6.248520710059170952e-02
1.021999782986111535e-02
1.725295105434492340e-02
7.304601899196495017e-04
7.253487956071660511e-03
1.770408163265305840e-02
1.469237832874197187e-02
1.905197378448406965e-05
7.639159204664953354e-05
0.000000000000000000e+00
6.630178794029006634e-04
4.007732738035072254e-03
1.417769376181474573e-03
6.899183719732744245e-04
2.885158486780464108e-03
2.632653061224489444e-02
1.737982743376057959e-06
8.767915780388227387e-03
8.264462809917350397e-03
7.125914075878509704e-05
3.285576665147088137e-03
4.577636718750000000e-05
1.233622859106892587e-03
