0.000000000000000000e+00
0.000000000000000000e+00
0.000000000000000000e+00
0.000000000000000000e+00
0.000000000000000000e+00
0.000000000000000000e+00
0.000000000000000000e+00
0.000000000000000000e+00
0.000000000000000000e+00
0.000000000000000000e+00
0.000000000000000000e+00
0.000000000000000000e+00
1.117894683301299263e-01
0.000000000000000000e+00
1.871148919205717076e-01
9.739208077821648324e-02
2.040816326530612568e-01
1.874409793120319634e-01
1.252662754003196210e-01
0.000000000000000000e+00
1.840285714285714302e-01
1.250691036238378850e-01
1.088435374149659823e-01
1.254929527073233853e-01
