8.498899934770687281e-02
1.369245379501789761e-01
1.167451741945778193e-01
8.817050661960566804e-02
8.789870952033115858e-02
6.227829799017826906e-02
1.037361775986114509e-01
1.359555147433935407e-01
1.039411007054405062e-01
1.132541244914777034e-01
8.368296682098765038e-02
1.198930242712605843e-01
7.458628543433916402e-02
9.022380919041279868e-02
7.923844006522523520e-02
6.916885298807984306e-02
1.133988410178886214e-01
9.731031849376960141e-02
8.607806956055223668e-02
1.085858585858585912e-01
9.972515548768710880e-02
7.737722699661751802e-02
9.904348114390432167e-02
9.394665371523987230e-02
