8.016951031038918596e-02
3.964497041420119057e-03
2.755473572530864335e-02
2.199796961143922480e-02
1.072863403944485094e-02
2.936249024869851121e-02
1.588378684807256191e-01
5.021808999081726205e-02
8.049458923944522240e-03
8.113802182018051493e-03
7.324218750000000000e-04
2.599781860629137367e-02
1.365785956223037820e-03
0.000000000000000000e+00
9.182033187166054392e-04
1.467446096881042973e-03
1.377551020408163953e-03
1.326539684972931038e-07
4.725556698522357692e-03
2.634297520661156577e-02
3.087761089241547376e-03
4.166506800850800114e-03
1.998901367187500000e-03
2.385496151988023006e-02
