1.738123349075482160e-01
2.292899408284023929e-03
1.112196180555556592e-03
2.019893801787538828e-02
3.122717311906501522e-02
9.378151063415096633e-02
3.689342403628118050e-02
7.733585858585858078e-03
7.513622161255904645e-03
1.094625937062960325e-03
7.153320312500000000e-02
7.508001019793109250e-03
2.533194375151190392e-02
2.196361058601134508e-01
8.984529583781586393e-02
4.395345763858853928e-03
2.193877551020409315e-03
1.657989129263870345e-04
3.583323945456504123e-03
1.239669421487603167e-02
3.901451369905036687e-02
8.461141679503259797e-04
1.005554199218750000e-02
5.882503314077774936e-03
