4.444444444444444198e-01
4.068376068376068910e-01
3.313908313908313641e-01
4.968622111085800319e-01
3.099415204678362401e-01
3.920385108181527745e-01
2.854030501089324656e-01
4.915824915824916208e-01
4.486531986531986926e-01
4.766238373548685181e-01
4.513888888888888951e-01
3.884032379955813519e-01
4.626918957515173125e-01
2.314814814814814548e-01
3.145231846019247435e-01
6.057298820064805911e-01
4.509803921568626972e-01
3.093432497730772557e-01
4.739576706111888194e-01
4.666666666666666741e-01
5.168321513002364087e-01
5.434327977745277982e-01
5.133333333333334192e-01
3.593895174977370655e-01
