8.995037220843671300e-02
4.461538461538461786e-01
3.567708333333333148e-01
5.218182068000382090e-01
2.162162162162162282e-01
1.739549881919807972e-01
3.261904761904761418e-01
5.757575757575756903e-01
2.592592592592593004e-01
5.498762580490278440e-01
1.250000000000000000e-01
3.310139349701373690e-01
9.634930907152919333e-02
1.086956521739130405e-01
2.256178287731686050e-01
8.617858008617743093e-02
5.285714285714285809e-01
9.712540750528889447e-03
1.073815535422545792e-01
4.545454545454545303e-01
3.096170583115752661e-01
3.847933871195105549e-01
3.867187500000000000e-01
8.118189694359521924e-02
