9.803534095139888882e-02
5.738541431474392107e-01
2.250884323022498967e-01
2.105286278337146211e-01
2.235478031923649744e-01
7.664298933682381354e-02
1.062597596578181425e-01
6.157535829865918853e-01
2.321693925510954770e-01
1.651609444755918477e-01
2.075394417475728281e-01
4.685725678888326418e-02
6.880004837369284587e-01
1.076976421636615250e-01
2.253405693435355517e-01
4.980589131816418602e-01
2.870873786407768247e-01
5.067174763113261454e-02
3.203661664181924329e-01
2.653259361997229449e-01
3.894337519553635052e-01
4.446361267556541153e-01
3.411770593534182994e-01
1.793974995295390673e-01
