0.000000000000000000e+00
0.000000000000000000e+00
0.000000000000000000e+00
0.000000000000000000e+00
0.000000000000000000e+00
0.000000000000000000e+00
0.000000000000000000e+00
0.000000000000000000e+00
0.000000000000000000e+00
0.000000000000000000e+00
0.000000000000000000e+00
0.000000000000000000e+00
5.148888051262721088e-01
0.000000000000000000e+00
7.082324455205810665e-01
4.567954701213149948e-01
7.142857142857143016e-01
6.832801077592633998e-01
5.602464628023724469e-01
0.000000000000000000e+00
6.799999999999999378e-01
5.713731488761745192e-01
6.190476190476189577e-01
5.606324476028101689e-01
