1.843121036669423674e-01
4.273504273504273865e-01
4.157021604938271886e-01
4.680901604153272499e-01
3.243243243243243978e-01
2.285891680307773344e-01
2.994708994708994987e-01
5.303030303030303871e-01
3.885459533607681371e-01
4.880511210298311697e-01
2.986111111111111049e-01
3.751347047113464672e-01
3.264663460521696758e-01
1.400966183574879342e-01
2.483818770226536854e-01
3.089320166059324468e-01
5.269841269841269993e-01
1.176178750546921919e-01
3.553806294040959268e-01
4.090909090909090606e-01
4.094865100087032861e-01
5.044969411721633712e-01
4.592013888888888951e-01
3.085613532201054721e-01
