1.033912324234904923e-02
8.487179487179487003e-01
9.143518518518518878e-02
1.480036326949716319e-01
5.855855855855856412e-02
3.823893628181170706e-02
3.809523809523809867e-02
9.570707070707070718e-01
6.378600823045267598e-02
7.441537156567278044e-02
6.250000000000000000e-02
1.775713337757132623e-02
5.861852373520118897e-01
7.246376811594202987e-03
1.864518976169461315e-02
5.453858967136531177e-01
1.523809523809523669e-01
3.335052722463725527e-01
4.620377246398336690e-01
6.060606060606060774e-02
6.029397543757857719e-02
6.222915572247571525e-01
9.375000000000000000e-02
2.512500643725517624e-01
