3.064516129032257563e-01
1.000000000000000056e-01
4.131944444444444198e-01
5.714682661593185609e-01
3.581081081081081141e-01
2.756262275928171857e-01
2.833333333333333259e-01
2.954545454545454142e-01
5.030864197530864335e-01
5.839995381322201640e-01
4.218750000000000000e-01
3.982362309223620445e-01
2.985077467737637380e-01
0.000000000000000000e+00
1.897616946160635421e-01
2.437097558870127134e-01
6.500000000000000222e-01
2.774666889943143769e-03
4.979578196940442902e-01
3.863636363636364091e-01
6.430954453147663674e-01
5.620923199657088531e-01
6.835937500000000000e-01
6.495388783703035518e-01
