4.174937965260545614e-01
1.038461538461538519e-01
9.635416666666666297e-01
7.911137998671585736e-01
7.972972972972972583e-01
5.217116359309825757e-01
6.809523809523809756e-01
7.954545454545454419e-02
8.904320987654321673e-01
9.507311911044831199e-01
7.031250000000000000e-01
9.322203052422027847e-01
1.949636453614526643e-01
5.108695652173913526e-01
6.743711385701677274e-01
2.422268936830264119e-01
9.642857142857143016e-01
1.653532173608395286e-02
3.008168721223823394e-01
9.090909090909090606e-01
7.995358282564548613e-01
3.899131923523800891e-01
8.554687500000000000e-01
2.809302176177481125e-01
